Init: Ta = 0.3 + Tc

min Ta Tc(^C)
min T1 T2(^C)

0 18.7 19.4
2 36.0 19.4
4 47.8 20.0
6 50.2 21.6
8 50.3 23.3
10 50.2 25.0
12 50.3 26.8
14 50.4 28.3
16 50.4 29.4
18 50.5 30.7
20 50.5 31.8
22 50.5 32.9
24 50.5 33.5
26 50.6 34.3
28 50.5 34.9
30 50.6 35.6
32 50.5 36.1
34 50.7 36.7
36 50.8 37.0
38 50.8 37.5
40 50.8 37.8
42 50.8 38.2
44 50.8 38.5
46 50.8 38.8
48 50.9 39.0
50 50.9 39.3
52 50.9 39.5
54 50.9 39.6
56 50.9 39.8
58 50.9 39.9
60 50.9 40.1
62 50.9 40.2
64 50.9 40.3
66 51.0 40.4
68 51.0 40.6
70 51.0 40.6
72 51.1 40.7
74 51.1 40.8
76 51.1 40.8
78 51.1 40.9
80 51.1 41.0
82 51.1 41.0
84 51.1 41.0
86 51.1 41.0
88 51.1 41.0
90 51.2 41.0
92 51.2 41.0

t(s) Tc(^C)
0 43.2
30 42.9
60 42.5
90 42.2
120 41.9
150 41.5
180 41.2
210 40.9
240 40.5
270 40.3
300 40.0
330 39.7
360 39.4
390 39.1
420 38.8
450 38.5
480 38.2

